

1	AIL	49.3	49.5	45.5	49.3	45.1	4.2	4,569	108.1520	2,254,007	
2	SPCL	40.2	43.3	39.7	40.2	41.2	-1	2,775	96.5870	2,327,682	
3	SPCERAMICS	23.6	24.9	22.6	23.6	23.3	0.3	2,965	88.5770	3,743,835	
4	MIDLANDBNK	19.1	19.7	18.7	19.1	19.6	-0.5	1,329	87.6630	4,531,211	
5	ABB1STMF	5.2	5.4	5	5.2	5.1	0.1	856	83.1810	15,874,962	
6	EBL	27	27	26.8	27	27	0	802	82.6800	3,068,752	
7	FINEFOODS	200.7	201.8	194	200.7	193.4	7.3	2,772	73.5600	371,491	
8	BSC	94.1	96.5	93.8	94.1	95.1	-1	1,842	69.3210	734,129	
9	GLOBALINS	31.3	32.5	29.3	31.3	29.6	1.7	1,590	68.9840	2,195,521	
10	ORIONINFU	384.6	392.8	380.6	384.6	390.8	-6.2	1,940	63.3190	164,425	
11	BXPHARMA	94.8	96.4	94.4	94.8	96.5	-1.7	1,292	60.9420	641,480	
12	UTTARABANK	20	20.1	19.7	20	19.9	0.1	760	55.9880	2,805,408	
13	EASTRNLUB	2	2,628.7	2,447.8	2,454.4	2	-122.2	2,069	51.4310	20,560	
14	SALAMCRST	21.5	23.8	20.7	21.5	22.7	-1.2	2,258	47.4130	2,144,286	
15	KBPPWBIL	121.6	125.5	118.4	121.6	121.8	-0.2	1,587	46.0980	377,341	
16	BRACBANK	49.6	50	49.4	49.6	49.3	0.3	510	45.0640	908,533	
17	APEXFOOT	222.5	233.9	220.3	222.5	234	-11.5	1,514	41.2340	181,545	
18	INTRACO	23.3	23.8	23.2	23.3	23.8	-0.5	829	39.0050	1,667,153	
19	CVOPRL	148.8	151.2	148.1	148.8	150.9	-2.1	1,272	38.3480	256,274	
20	LOVELLO	80.3	80.7	79	80.3	80.1	0.2	968	38.3190	478,610	
21	ADNTEL	77.9	81.8	77.8	77.9	81.8	-3.9	1,668	37.1460	471,041	
22	NRBBANK	13.1	13.7	12.9	13.1	13.7	-0.6	510	36.3270	2,725,272	
23	BEACHHATCH	71.5	72	71.5	71.5	79.4	-7.9	572	34.1280	477,305	
24	JAMUNABANK	18.9	19	18.8	18.9	19	-0.1	414	31.2860	1,654,541	
25	SQURPHARMA	214	215.4	214	214	214.3	-0.3	819	31.1180	145,299	
26	IFADAUTOS	26	26.4	25	26	25.6	0.4	1,421	26.9100	1,045,026	
27	DGIC	28.5	30.2	28.1	28.5	30.4	-1.9	1,277	26.0700	899,479	
28	MALEKSPIN	26.1	26.3	25.6	26.1	25.7	0.4	590	25.3450	976,845	
29	QUASEMIND	33.1	33.2	32.5	33.1	32.6	0.5	1,033	24.4820	743,690	
30	GQBALLPEN	158.2	161	155.3	158.2	154.4	3.8	379	22.9930	145,064	
31	EIL	53.4	53.7	52.6	53.4	53.2	0.2	467	22.4170	422,148	
32	ROBI	25.4	25.6	25.3	25.4	25.5	-0.1	543	22.0450	868,603	
33	HEIDELBCEM	266.7	285	258	266.7	268.1	-1.4	1,069	21.5810	77,690	
34	CLICL	51.3	52.1	49.3	51.3	50	1.3	792	21.5660	424,505	
35	CITYBANK	22.2	22.6	21.8	22.2	22.6	-0.4	516	21.1610	956,582	
36	RECKITTBEN	3	3,856	3,810	3,814.6	3	-51.9	766	20.8790	5,458	
37	MAGURAPLEX	69.3	72.1	69.1	69.3	71.7	-2.4	970	19.5460	278,752	
38	RUNNERAUTO	29	29.7	28.7	29	29.4	-0.4	1,005	19.4410	666,728	
39	SHAHJABANK	19	19	18.6	19	18.6	0.4	205	19.1980	1,012,933	
40	LHB	44.2	44.4	44	44.2	44.2	0	522	18.2140	411,991	
41	NTLTUBES	78.3	80.9	78	78.3	79.8	-1.5	907	17.5040	222,501	
42	MIRAKHTER	30.9	31.1	29.6	30.9	29.5	1.4	737	16.9710	558,502	
43	FUWANGFOOD	14.5	14.8	14.4	14.5	14.7	-0.2	568	16.6260	1,141,183	
44	DELTALIFE	72	73.5	71.8	72	73	-1	791	16.0590	222,345	
45	SIPLC	46.5	46.8	45	46.5	46.1	0.4	621	15.9030	345,287	
46	NATLIFEINS	89.3	91.6	88.5	89.3	91.4	-2.1	495	15.7490	176,520	
47	NAVANAPHAR	52.9	54.2	52.7	52.9	53.9	-1	847	15.0710	283,736	
48	SEMLLECMF	9.9	10	9.3	9.9	9.4	0.5	238	14.4770	1,472,836	
49	KAY&QUE	219.2	220.6	205.5	219.2	205.5	13.7	929	14.2470	66,444	
50	GPHISPAT	20.8	21.1	20.6	20.8	21	-0.2	467	14.1600	680,148	
51	PROGRESLIF	68.1	77.6	67.1	68.1	70.6	-2.5	753	14.1350	196,066	
52	CONTININS	26.1	27.2	25.7	26.1	26.6	-0.5	535	14.0100	530,866	
53	BESTHLDNG	17.1	17.3	17	17.1	17.1	0	571	13.9490	816,582	
54	PREMIERCEM	54.3	55.1	54.1	54.4	54.1	0.2	494	13.8160	253,601	
55	GP	319.7	322.9	319	319.7	319.5	0.2	382	13.4860	42,193	
56	HAKKANIPUL	56.2	58.3	56	56.2	57.9	-1.7	797	13.4810	237,545	
57	ACI	193.7	197.5	192.5	193.7	196.6	-2.9	728	13.3790	68,929	
58	AGNISYSL	26.2	26.7	26.1	26.2	26.6	-0.4	696	13.0160	494,523	
59	DOREENPWR	23.9	24.9	23.6	23.9	24.2	-0.3	611	12.9990	536,146	
60	RELIANCE1	20.7	21	20.6	20.7	20.8	-0.1	378	12.8380	618,579	
61	SONALIANSH	177	178.3	172.9	177	174.9	2.1	827	12.6170	71,711	
62	BATBC	322.9	324	322.7	322.9	322.8	0.1	577	12.5280	38,790	
63	LANKABAFIN	16.5	16.8	16.4	16.5	16.7	-0.2	484	12.3270	744,512	
64	KPPL	22.4	23.3	22.2	22.4	23	-0.6	719	12.3050	547,419	
65	CONFIDCEM	52.4	52.7	51	52.4	51.1	1.3	680	12.2610	235,192	
66	BPML	36.2	37	36	36.2	36.7	-0.5	555	12.2290	337,441	
67	BEACONPHAR	118.4	118.4	115.7	117	115.1	3.3	360	12.0350	102,874	
68	IBP	10.4	10.6	10.1	10.4	10.1	0.3	563	12.0070	1,158,069	
69	KDSALTD	40.9	41.8	40.3	40.9	40.3	0.6	400	11.9790	292,579	
70	IPDC	15.7	16.4	15.5	15.7	15.9	-0.2	401	11.8990	753,305	
71	EHL	72.9	73.7	72.5	72.9	73.1	-0.2	401	11.8200	162,448	
72	UNIONINS	30.6	31.5	29.8	30.6	30.4	0.2	582	11.6200	377,487	
73	ANWARGALV	64.7	68.4	64.2	64.7	67.6	-2.9	853	11.3840	173,289	
74	MEGHNALIFE	50.5	50.9	49.5	50.2	50.4	0.1	544	11.3690	227,745	
75	1STPRIMFMF	19.1	19.3	18.2	19.1	18.2	0.9	663	11.0870	585,861	
76	DSSL	9.6	10	9.5	9.6	9.9	-0.3	505	10.9280	1,126,187	
77	PROVATIINS	32.2	32.8	31.1	32.2	31.6	0.6	594	10.8730	337,442	
78	CRYSTALINS	42.1	44	41.5	42.1	43.5	-1.4	727	10.3060	242,414	
79	FUWANGCER	13.3	13.6	13.2	13.3	13.4	-0.1	368	10.2200	766,567	
80	RDFOOD	21.8	22.5	21.7	21.8	22.3	-0.5	513	10.1030	459,913	
81	KTL	10.5	10.8	10.4	10.5	10.7	-0.2	387	10.0960	956,880	
82	MJLBD	93.4	94	93.1	93.4	94	-0.6	392	10.0810	107,827	
83	OIMEX	27.2	27.5	26.8	27.2	27.3	-0.1	499	10.0520	371,360	
84	BSCPLC	124.2	124.9	122.3	123.9	122.1	2.1	360	9.9640	80,515	
85	ONEBANKPLC	7.7	7.9	7.5	7.7	7.8	-0.1	224	9.8270	1,282,311	
86	TECHNODRUG	28.8	29.5	28.6	28.8	29.1	-0.3	442	9.7330	336,020	
87	SICL	24.9	25.4	24.4	24.9	24.5	0.4	511	9.6450	386,235	
88	IFIC	6.6	6.7	6.5	6.6	6.6	0	271	9.3020	1,409,539	
89	IFIC1STMF	3.7	3.8	3.6	3.7	3.6	0.1	144	9.0480	2,453,152	
90	EPGL	19.6	20	19.5	19.6	19.6	0	450	8.7700	444,502	
91	AL-HAJTEX	124.9	129.5	124	124.9	126	-1.1	302	8.6360	68,216	
92	SAPORTL	22.9	23.2	22.1	22.9	22.3	0.6	364	8.5190	377,293	
93	SUNLIFEINS	63.6	65.5	63	63.6	64.3	-0.7	443	8.5090	133,238	
94	SUMITPOWER	14.6	14.8	14.5	14.6	14.6	0	215	8.4490	580,283	
95	GENEXIL	20.9	21.9	20.6	20.9	21.7	-0.8	448	8.3860	400,566	
96	GOLDENSON	12.4	12.8	12.3	12.4	12.7	-0.3	362	8.3730	671,736	
97	SONALIPAPR	150.8	151.2	148.1	150.8	149.4	1.4	626	8.3170	55,427	
98	STANDARINS	38.1	38.5	36.6	38.1	36.9	1.2	379	8.1340	215,382	
99	GHAIL	12.9	13.2	12.7	12.9	13	-0.1	501	8.1090	626,951	
100	PUBALIBANK	26.8	27.4	26.7	26.8	27.2	-0.4	222	8.0240	297,038	
101	DBH1STMF	4.4	4.6	4.3	4.4	4.2	0.2	186	7.9220	1,780,293	
102	POPULARLIF	48.7	49.3	48.5	48.7	49.4	-0.7	476	7.8820	161,370	
103	BDTHAI	13.3	13.6	13.2	13.3	13.4	-0.1	304	7.8160	585,397	
104	SAIHAMCOT	13.3	14	13.3	13.3	13.4	-0.1	207	7.7410	572,345	
105	KARNAPHULI	28.1	28.4	27.8	28.1	28.4	-0.3	371	7.6870	272,713	
106	OLYMPIC	152.9	154	150.9	152.9	151.6	1.3	290	7.5130	49,324	
107	SHARPIND	19.4	20	19.1	19.4	19.4	0	359	7.4560	379,913	
108	FEKDIL	15.8	15.9	15.7	15.8	15.7	0.1	400	7.3080	462,856	
109	ACMEPL	13.4	13.8	13.4	13.4	13.6	-0.2	341	7.2860	539,581	
110	HRTEX	31.4	32.1	31	31.4	31.1	0.3	507	7.2630	229,814	
111	ISLAMIBANK	37.8	39.3	37.5	37.8	39	-1.2	643	6.7580	176,998	
112	GEMINISEA	138.2	142	136	138.2	140.8	-2.6	690	6.7450	48,644	
113	MONNOFABR	13.8	14.2	13.7	13.8	14	-0.2	302	6.7220	485,484	
114	LINDEBD	890.7	900	889.8	890.7	892.8	-2.1	669	6.6480	7,456	
115	EGEN	21.2	21.7	20.9	21.2	21.5	-0.3	285	6.5840	310,573	
116	SONARGAON	34.1	34.6	32.7	34.1	33.4	0.7	428	6.3620	189,706	
117	ICBSONALI1	5.2	5.4	5.2	5.2	5.2	0	200	6.2010	1,177,752	
118	ICICL	21.9	22.1	21.7	21.9	22.1	-0.2	308	6.1950	282,462	
119	UNIQUEHRL	39.4	40.3	39.3	39.4	39.9	-0.5	368	6.1760	156,198	
120	SIMTEX	16.1	16.4	16	16.1	16.1	0	310	6.1710	383,277	
121	CENTRALPHL	10.6	10.8	10.4	10.6	10.7	-0.1	360	6.1530	583,659	
122	ITC	36.9	37.2	36.5	36.9	36.8	0.1	276	6.0850	165,260	
123	SEAPEARL	37.1	37.4	36.7	37.1	37.1	0	359	6.0740	164,122	
124	ASIATICLAB	31.6	32.4	31.5	31.6	32.2	-0.6	366	6.0680	190,396	
125	SINOBANGLA	43.3	44.9	43	43.3	44.3	-1	235	6.0150	137,541	
126	PTL	44.1	44.8	43.4	44.1	44	0.1	102	5.8990	134,138	
127	PIONEERINS	38.6	40.3	38.1	38.6	39.9	-1.3	306	5.8190	148,084	
128	GLDNJMF	7.8	8	7.7	7.8	7.7	0.1	236	5.8110	742,050	
129	ORIONPHARM	29.4	29.9	29.2	29.4	29.8	-0.4	313	5.6970	193,231	
130	PHARMAID	537	546	536	537	541	-4	409	5.6490	10,470	
131	MONNOCERA	83.2	84.2	82.7	83.2	84.1	-0.9	313	5.6090	67,028	
132	UNITEDINS	37.5	39.6	37.4	37.7	37.3	0.2	311	5.5940	147,514	
133	ECABLES	118.3	125	117.3	118.3	122.4	-4.1	495	5.4990	45,352	
134	RENATA	496.9	497.9	495	496.9	497	-0.1	241	5.4750	11,029	
135	KOHINOOR	502.6	512	500	502.6	502.6	0	407	5.4570	10,846	
136	1JANATAMF	3.6	3.6	3.3	3.6	3.3	0.3	189	5.4280	1,573,172	
137	DESCO	26.7	27.3	26.3	26.7	26.7	0	311	5.3540	198,785	
138	SALVOCHEM	21.6	22.3	21.4	21.6	21.8	-0.2	259	5.3260	245,668	
139	CAPMBDBLMF	9.1	9.1	8.8	9	8.9	0.2	175	5.3130	591,093	
140	BDCOM	24.3	24.8	24.2	24.3	24.5	-0.2	229	5.2770	216,573	
141	SANDHANINS	19.4	19.7	19.2	19.4	19.4	0	253	5.2680	271,754	
142	PREMIERBAN	8.9	9	8.8	8.9	8.9	0	77	5.1510	578,726	
143	MONOSPOOL	87.4	89.3	84.8	87.4	88.5	-1.1	471	4.8610	56,050	
144	HAMI	133	137	132.5	133	132.3	0.7	473	4.7950	35,732	
145	MEGHNAINS	24.9	25.7	24.5	24.9	25.1	-0.2	375	4.7610	191,204	
146	JHRML	48.9	49.4	48.6	48.9	49.2	-0.3	373	4.7510	97,144	
147	WMSHIPYARD	8.8	9	8.4	8.8	8.2	0.6	386	4.7430	545,361	
148	DHAKABANK	10.2	10.4	10.1	10.2	10.3	-0.1	129	4.7110	460,683	
149	SHEPHERD	15.6	16	15.1	15.6	15.2	0.4	155	4.6980	301,853	
150	AAMRANET	19.4	19.7	18.7	19.3	19.5	-0.1	313	4.6710	244,610	
151	SAMORITA	59.7	60.5	59	59.6	60.7	-1	404	4.5640	76,674	
152	ABBANK	6.8	6.8	6.7	6.8	6.8	0	165	4.4630	658,918	
153	ETL	8.8	9	8.7	8.8	8.8	0	239	4.3050	487,684	
154	DOMINAGE	10.1	10.3	10	10.1	10.2	-0.1	220	4.2490	419,972	
155	RUPALIBANK	19.5	20.5	19.3	19.5	20.2	-0.7	309	4.1220	208,902	
156	BDFINANCE	8	8.2	7.9	8	8.4	-0.4	291	4.0820	509,983	
157	ARGONDENIM	16.2	16.2	15.8	16.1	15.8	0.4	189	4.0100	250,146	
158	NAHEEACP	19.6	20.1	19.4	19.6	19.8	-0.2	241	4.0010	204,334	
159	BDLAMPS	129.2	129.7	127	129.2	127.7	1.5	346	3.9770	30,868	
160	WATACHEM	114.2	118.2	113.5	114.2	116.9	-2.7	276	3.9610	34,692	
161	SBACBANK	7.6	7.9	7.5	7.6	7.8	-0.2	258	3.9470	516,984	
162	POPULAR1MF	3.6	3.6	3.3	3.6	3.3	0.3	115	3.9330	1,118,095	
163	DESHBANDHU	18.2	18.3	17.9	18.2	18.1	0.1	352	3.8960	215,190	
164	PRAGATILIF	102.1	105	101.6	102.1	105.4	-3.3	261	3.8630	37,539	
165	RUPALILIFE	82.9	83.6	82.2	82.9	82.6	0.3	271	3.8540	46,548	
166	SONALILIFE	48	48	46.9	47.2	47.9	0.1	144	3.6680	77,576	
167	BBSCABLES	15.9	16.5	15.7	15.8	16	-0.1	222	3.6500	229,757	
168	JAMUNAOIL	173.5	174	173.5	173.6	173.9	-0.4	209	3.5400	20,390	
169	MERCANBANK	9.7	9.9	9.7	9.7	9.8	-0.1	127	3.5350	361,606	
170	MARICO	2	2,484	2,425	2,450.5	2	-6.4	164	3.4730	1,413	
171	SOUTHEASTB	8.8	8.9	8.7	8.8	8.8	0	47	3.4490	392,041	
172	MONNOAGML	317.8	320.2	315.4	317.8	318.7	-0.9	371	3.4290	10,808	
173	WALTONHIL	454.5	457	454	454.5	455.1	-0.6	272	3.4150	7,506	
174	IDLC	30.7	31	30.5	30.7	30.9	-0.2	219	3.3560	109,369	
175	NEWLINE	7	7.2	6.9	7	7	0	227	3.3340	474,841	
176	MBL1STMF	4.5	4.5	4.1	4.5	4.1	0.4	120	3.3320	745,266	
177	TRUSTB1MF	3.6	3.7	3.4	3.6	3.4	0.2	124	3.2850	913,830	
178	AMANFEED	24.3	24.6	24.1	24.3	24.4	-0.1	187	3.1790	130,595	
179	AFTABAUTO	29.4	30.1	29.3	29.4	29.7	-0.3	180	3.1670	106,784	
180	FORTUNE	15.5	16	15.2	15.5	15.7	-0.2	217	3.1510	203,158	
181	ACIFORMULA	134.2	135	132.8	134.2	134.1	0.1	124	3.1450	23,564	
182	AMBEEPHA	773.2	800.1	766.2	773.2	799.5	-26.3	294	3.0960	3,986	
183	APEXFOODS	199.7	212.9	199.1	199.7	200.5	-0.8	184	3.0940	15,432	
184	RAHIMAFOOD	76	77.6	75.6	76	77.3	-1.3	191	3.0440	39,885	
185	BNICL	40.5	41	40.2	40.5	41	-0.5	132	2.8900	71,425	
186	ENVOYTEX	44.3	44.4	43.3	44.3	43.7	0.6	156	2.8880	65,521	
187	EMERALDOIL	19.9	21.1	19.7	19.9	20.8	-0.9	317	2.8870	144,590	
188	JANATAINS	25.1	26	24.7	25.1	26	-0.9	205	2.8440	111,855	
189	NCCBANK	10.4	10.4	10.2	10.3	10.4	0	87	2.8430	276,035	
190	LEGACYFOOT	53.6	53.7	52.5	53.6	52.7	0.9	228	2.8250	53,196	
191	ALARABANK	22.2	23	21.5	22	22.2	0	65	2.7930	124,476	
192	MATINSPINN	44.8	45.8	44.8	44.8	45	-0.2	190	2.7880	62,005	
193	BANGAS	93.7	94.7	93.5	93.7	94.5	-0.8	207	2.7720	29,456	
194	FEDERALINS	18	18.1	18	18	18	0	187	2.7520	152,783	
195	CAPITECGBF	7.1	7.2	7	7.1	7	0.1	136	2.7250	383,714	
196	SHASHADNIM	17.5	17.8	17.4	17.5	17.7	-0.2	176	2.7130	154,851	
197	LRGLOBMF1	3.7	3.9	3.6	3.7	3.7	0	94	2.7100	725,348	
198	ICB	48.8	49.7	48.7	48.8	48.8	0	178	2.6830	54,787	
199	EASTLAND	18.9	19.2	18.8	18.9	19.2	-0.3	143	2.6800	140,985	
200	KPCL	13.2	13.4	13	13.1	13.5	-0.3	202	2.6510	200,839	
201	GREENDELT	42.4	43.8	42.4	42.7	43.1	-0.7	151	2.6440	61,324	
202	SAIFPOWER	9.7	10.1	9.6	9.7	9.9	-0.2	216	2.6050	266,416	
203	CNATEX	3.3	3.6	3.3	3.3	3.5	-0.2	208	2.6040	775,187	
204	POWERGRID	34.9	35.1	34.5	34.9	34.8	0.1	120	2.5850	74,530	
205	DELTASPINN	5.8	6.1	5.7	5.8	5.9	-0.1	148	2.5800	439,652	
206	TOSRIFA	19	19.9	18.7	19	19.5	-0.5	140	2.5350	133,220	
207	BBS	10.3	10.4	10.1	10.3	10.3	0	161	2.5340	248,033	
208	ACMELAB	72.8	73.8	72.6	72.8	73	-0.2	205	2.5240	34,647	
209	MIRACLEIND	26.9	28.1	26.3	26.9	27.7	-0.8	217	2.5140	91,891	
210	GREENDELMF	4	4.1	3.9	4	3.8	0.2	64	2.4190	614,585	
211	EXIM1STMF	3.6	3.7	3.5	3.6	3.4	0.2	129	2.3920	670,290	
212	TITASGAS	20.3	20.9	20.1	20.5	20.7	-0.4	106	2.3730	115,965	
213	PRIMEBANK	22	22.4	21.6	22	21.5	0.5	135	2.3720	108,179	
214	SIBL	9.7	9.8	9.4	9.6	9.8	-0.1	101	2.3510	242,789	
215	PHPMF1	3.4	3.4	3.2	3.4	3.2	0.2	100	2.3370	698,198	
216	UNITEDFIN	12	12.2	11.9	12	12	0	173	2.3330	193,445	
217	SAIHAMTEX	13.6	14	13.5	13.6	13.7	-0.1	104	2.3130	170,453	
218	FIRSTSBANK	4.2	4.4	4.2	4.2	4.3	-0.1	134	2.2690	533,169	
219	EBL1STMF	5.5	5.7	5.4	5.5	5.2	0.3	219	2.2420	403,335	
220	LIBRAINFU	786.9	794	775	786.9	779.8	7.1	172	2.1660	2,771	
221	PADMAOIL	181.1	181.4	180.8	181.1	181.1	0	125	2.1600	11,931	
222	LRBDL	13.9	14	13.8	13.8	13.8	0.1	244	2.1300	153,675	
223	AOL	13.2	13.4	12.5	13.2	12.7	0.5	182	2.1270	164,719	
224	RAKCERAMIC	21.2	21.6	21	21.2	21.1	0.1	140	2.1230	100,242	
225	BPPL	10.5	10.6	10.2	10.5	10.4	0.1	151	2.0890	201,746	
226	NRBCBANK	7.1	7.2	7	7.1	7	0.1	79	2.0100	284,302	
227	JMISMDL	141.7	144.5	141.5	142.4	142.9	-1.2	170	2.0080	14,108	
228	ALIF	6.7	6.9	6.5	6.6	6.6	0.1	108	1.9830	300,892	
229	MHSML	13.3	13.7	13.2	13.3	13.3	0	408	1.9540	145,989	
230	BDTHAIFOOD	14.1	14.3	14	14.1	14.1	0	283	1.9290	137,167	
231	IBNSINA	296.7	303	291.2	296.7	291.8	4.9	139	1.9240	6,534	
232	TILIL	40.7	40.8	40	40.3	40.3	0.4	120	1.9150	47,597	
233	AGRANINS	24.7	25.5	24.4	24.7	25	-0.3	118	1.8820	76,028	
234	ISLAMICFIN	9.9	10	9.6	9.9	9.8	0.1	139	1.8630	189,033	
235	UPGDCL	116.7	117	116.2	116.7	116.7	0	121	1.8550	15,899	
236	SSSTEEL	6.5	6.6	6.4	6.5	6.6	-0.1	184	1.8250	282,757	
237	RUPALIINS	21.4	21.8	21.3	21.4	21.6	-0.2	106	1.8110	84,335	
238	MLDYEING	8.9	9.1	8.9	9	9	-0.1	51	1.8010	201,000	
239	GIB	3.4	3.6	3.4	3.4	3.5	-0.1	153	1.7890	522,873	
240	ANLIMAYARN	23.6	24.8	23	23.7	23.4	0.2	85	1.7640	73,153	
241	AIBL1STIMF	6.5	7	6.5	6.7	6.8	-0.3	97	1.7510	259,147	
242	SEMLFBSLGF	5.1	5.2	4.8	5.1	4.8	0.3	85	1.7510	350,207	
243	CENTRALINS	32.5	33.8	32.5	32.5	32.9	-0.4	120	1.7500	53,487	
244	SINGERBD	110.5	111.9	110.1	110.5	111.9	-1.4	170	1.7430	15,771	
245	PEOPLESINS	28.8	28.9	28.1	28.8	28.7	0.1	121	1.7420	60,894	
246	STYLECRAFT	53.9	54.2	52.5	53.9	52.9	1	186	1.7230	32,461	
247	PRIMELIFE	35.3	36.1	35	35.3	36.2	-0.9	104	1.7090	47,988	
248	TRUSTBANK	21.6	21.8	21.6	21.6	21.7	-0.1	60	1.7070	78,869	
249	QUEENSOUTH	11.8	11.9	11.7	11.8	11.8	0	110	1.6940	143,696	
250	BARKAPOWER	9.8	9.9	9.7	9.8	9.8	0	81	1.6900	172,329	
251	ESQUIRENIT	22	22.5	21.9	22	21.8	0.2	134	1.6560	74,700	
252	ISNLTD	35	36.5	34.8	35	35.8	-0.8	173	1.6330	46,570	
253	DUTCHBANGL	48.3	48.4	47.9	48.3	48.4	-0.1	99	1.6200	33,634	
254	NHFIL	24.4	24.7	24	24.2	24.2	0.2	90	1.6090	66,396	
255	ASIAINS	26.3	27.1	26.2	26.6	26.6	-0.3	124	1.6010	59,942	
256	UCB	10.4	10.7	10.3	10.4	10.7	-0.3	161	1.5950	152,832	
257	DAFODILCOM	60.8	61.1	59.1	60.2	61.3	-0.5	93	1.5750	26,111	
258	SILCOPHL	14.6	15.1	14.5	14.6	15	-0.4	190	1.5680	106,213	
259	NPOLYMER	29.2	30.2	29.1	29.2	29.3	-0.1	144	1.5610	53,293	
260	STANDBANKL	5.3	5.4	5.2	5.2	5.4	-0.1	105	1.5600	296,936	
261	COPPERTECH	18.1	18.5	18.1	18.1	18.4	-0.3	90	1.5560	85,593	
262	SHYAMPSUG	130	134.7	129.1	130.5	131.3	-1.3	74	1.5410	11,867	
263	SQUARETEXT	49.6	49.8	49.4	49.6	49.3	0.3	90	1.5310	30,917	
264	DACCADYE	16.6	16.9	16.2	16.6	16.7	-0.1	88	1.5140	91,538	
265	FARCHEM	23.4	23.7	23.2	23.4	23.4	0	100	1.5110	64,542	
266	MTB	11.6	11.7	11.5	11.6	11.7	-0.1	79	1.5040	129,780	
267	BSRMLTD	71.6	72	71.1	71.6	71.8	-0.2	161	1.5010	21,044	
268	VAMLBDMF1	7.1	7.3	6.9	7.2	6.9	0.2	70	1.4980	210,326	
269	EASTERNINS	45.1	45.5	44.9	45.1	44.6	0.5	99	1.4260	31,516	
270	NAVANACNG	18.6	20.2	18.6	19.1	19.9	-1.3	161	1.4150	73,275	
271	FBFIF	3.5	3.5	3.3	3.4	3.3	0.2	56	1.4140	417,362	
272	ASIAPACINS	32.5	33.3	32.1	32.5	32.9	-0.4	122	1.3910	42,707	
273	DBH	34.4	35	34.3	34.4	34.8	-0.4	118	1.3900	40,287	
274	MITHUNKNIT	15.8	16	15.7	15.8	15.7	0.1	376	1.3780	86,925	
275	ZAHEENSPIN	6.3	6.5	6.3	6.3	6.3	0	94	1.3640	213,537	
276	PENINSULA	11.2	11.4	11	11.2	11.1	0.1	80	1.3640	123,005	
277	NBL	4	4	3.9	4	3.9	0.1	60	1.3490	339,963	
278	RANFOUNDRY	142	144.7	141.4	142.9	141.4	0.6	119	1.3470	9,462	
279	YPL	11.3	11.6	11.2	11.3	11.7	-0.4	92	1.3460	117,947	
280	NURANI	3.1	3.4	3.1	3.1	3.3	-0.2	143	1.3220	413,928	
281	APEXSPINN	91.5	93.1	91	91.5	93.2	-1.7	165	1.3090	14,269	
282	OAL	7.5	7.6	7.4	7.5	7.6	-0.1	66	1.2870	171,414	
283	EXIMBANK	5.9	6.1	5.9	5.9	6	-0.1	151	1.2530	210,164	
284	REPUBLIC	27.8	28.6	27.8	28	28.2	-0.4	95	1.2090	42,835	
285	PF1STMF	5.3	5.4	5.2	5.3	5.3	0	60	1.1280	212,889	
286	BSRMSTEEL	50.9	51.5	50.5	50.7	51	-0.1	90	1.1140	21,919	
287	DHAKAINS	36.5	37.1	36.2	36.5	36.9	-0.4	111	1.1110	30,519	
288	APEXTANRY	68.5	69.3	67.8	67.9	68.9	-0.4	33	1.1090	16,301	
289	PURABIGEN	17.2	17.5	17	17.2	17.4	-0.2	97	1.1080	64,484	
290	MIDASFIN	8.3	8.4	8.2	8.3	8.3	0	53	1.0870	131,851	
291	SONARBAINS	23.8	24.2	23	23.8	23.9	-0.1	70	1.0520	44,230	
292	HFL	8.9	9	8.7	8.9	9.1	-0.2	97	1.0260	116,004	
293	PRIME1ICBA	5	5	4.7	4.9	4.7	0.3	33	1.0220	209,210	
294	RAHIMTEXT	109	114	108	109	111.2	-2.2	84	1.0190	9,256	
295	GRAMEENS2	12.8	12.9	12.7	12.8	12.7	0.1	53	1.0050	78,769	
296	BDAUTOCA	91.8	93.8	91.1	91.8	91.5	0.3	146	0.9950	10,860	
297	RSRMSTEEL	10.2	10.3	10	10.2	10.2	0	83	0.9900	98,304	
298	VFSTDL	7	7.2	6.9	7	7.1	-0.1	98	0.9730	139,440	
299	APOLOISPAT	3.5	3.7	3.5	3.6	3.5	0	56	0.9640	268,493	
300	ACTIVEFINE	8.2	8.3	8.1	8.2	8	0.2	73	0.9540	116,588	
301	BENGALWTL	17.5	17.8	17.2	17.5	17.4	0.1	286	0.9440	54,268	
302	IFILISLMF1	4.2	4.3	4.1	4.2	4.1	0.1	31	0.9300	221,344	
303	CITYGENINS	31.9	31.9	31.4	31.9	31.5	0.4	101	0.9200	29,018	
304	AZIZPIPES	48.3	50	48.1	48.3	50	-1.7	124	0.9010	18,493	
305	EBLNRBMF	3.7	3.7	3.5	3.6	3.5	0.2	55	0.9000	251,417	
306	ARAMIT	160.4	163.9	160.4	160.6	160.1	0.3	101	0.8940	5,562	
307	GHCL	20.9	21.3	20.7	21	21	-0.1	59	0.8460	40,347	
308	BIFC	7.3	7.3	7	7.2	6.9	0.4	57	0.8220	114,879	
309	MPETROLEUM	202.4	204.5	202.3	202.4	203.1	-0.7	73	0.8180	4,032	
310	DSHGARME	63.5	67.4	63.3	64.6	67.4	-3.9	120	0.8090	12,328	
311	SKTRIMS	11.8	12.3	11.7	11.7	12	-0.2	74	0.8060	68,447	
312	RINGSHINE	3.6	3.7	3.5	3.6	3.6	0	83	0.7970	221,768	
313	FAREASTFIN	3.4	3.5	3.2	3.4	3.5	-0.1	192	0.7940	244,903	
314	BERGERPBL	1	1,791.8	1,760	1,791	1	13.6	64	0.7940	445	
315	PADMALIFE	21.9	22.5	21.2	21.9	22.6	-0.7	72	0.7720	35,368	
316	AMCL(PRAN)	213.8	213.8	207.3	212.9	213.2	0.6	63	0.7710	3,660	
317	NFML	9	9.4	9	9	9.2	-0.2	42	0.7690	85,169	
318	BANKASIA	16.5	16.6	16.4	16.5	16.5	0	33	0.7640	46,371	
319	INTECH	19.3	19.7	19.2	19.2	19.4	-0.1	77	0.7630	39,505	
320	SILVAPHL	10.2	10.3	10.2	10.2	10.2	0	52	0.7450	72,697	
321	PRAGATIINS	51.3	53.5	51.1	51.3	52.1	-0.8	74	0.7300	14,181	
322	UNIONBANK	3.4	3.4	3.3	3.3	3.4	0	127	0.7190	215,902	
323	CROWNCEMNT	47	48.9	46	46.6	47.1	-0.1	88	0.7060	15,114	
324	PRIMEINSUR	31.3	32.2	31.2	31.3	31.7	-0.4	72	0.6730	21,377	
325	METROSPIN	12.6	13.8	12.5	12.6	13.2	-0.6	102	0.6680	52,201	
326	ADVENT	14.7	14.8	14.5	14.7	14.8	-0.1	96	0.6580	44,977	
327	PDL	6.5	6.7	6.4	6.5	6.6	-0.1	78	0.6520	100,321	
328	BAYLEASING	6	6.1	6	6	6	0	58	0.6430	106,940	
329	GENNEXT	2.9	3	2.9	2.9	2.9	0	50	0.6230	214,228	
330	KEYACOSMET	4.3	4.4	4.2	4.3	4.3	0	85	0.6220	146,283	
331	NITOLINS	25	25.7	24.6	24.7	25	0	31	0.6180	24,415	
332	BGIC	33.9	33.9	32	33.1	32.9	1	59	0.6090	18,394	
333	AAMRATECH	13	13.2	12.6	13	12.7	0.3	80	0.5690	44,215	
334	GBBPOWER	7.1	7.2	7	7.1	7.2	-0.1	43	0.5380	75,737	
335	MAKSONSPIN	6	6.2	5.9	6	6	0	54	0.4840	80,829	
336	UNIONCAP	5	5	4.9	4.9	5	0	36	0.4760	97,051	
337	INDEXAGRO	64.6	64.6	64.1	64.1	64.5	0.1	67	0.4640	7,217	
338	ALLTEX	11.6	12.6	11.5	11.6	11.6	0	67	0.4590	38,374	
339	SEMLIBBLSF	6.8	6.8	6.6	6.8	6.6	0.2	48	0.4290	63,653	
340	PHENIXINS	24.7	25	24.6	24.9	24.8	-0.1	14	0.4210	16,920	
341	GSPFINANCE	5.4	5.5	5.2	5.3	5.5	-0.1	80	0.4150	78,339	
342	ISLAMIINS	35.3	35.9	34.8	34.9	35.2	0.1	47	0.4070	11,661	
343	FAMILYTEX	2.4	2.5	2.4	2.4	2.4	0	47	0.3950	163,295	
344	FAREASTLIF	31.2	32.2	31.1	31.2	31.3	-0.1	84	0.3810	12,001	
345	SAMATALETH	44	44.8	44	44	44.1	-0.1	70	0.3700	8,382	
346	TUNGHAI	2.9	3	2.8	2.9	2.8	0.1	24	0.3660	126,187	
347	TAMIJTEX	104.7	109.2	102.4	104.7	103.4	1.3	70	0.3650	3,498	
348	TAKAFULINS	33	33.5	31.6	32.1	31.5	1.5	27	0.3610	11,329	
349	ICB3RDNRB	4.5	4.5	4.4	4.5	4.4	0.1	16	0.3560	79,200	
350	NCCBLMF1	5	5.2	5	5.1	5	0	30	0.3540	69,406	
351	TALLUSPIN	5.3	5.4	5.2	5.2	5.2	0.1	44	0.3520	67,337	
352	PHOENIXFIN	3.8	3.9	3.7	3.8	3.7	0.1	25	0.3420	90,147	
353	SAFKOSPINN	10.2	10.9	10	10.2	10.5	-0.3	44	0.3380	33,052	
354	USMANIAGL	34	35	34	34.6	35.2	-1.2	31	0.2890	8,330	
355	RELIANCINS	53.5	54	53.4	53.7	53.7	-0.2	26	0.2890	5,376	
356	ICBIBANK	2.9	3	2.8	2.9	2.9	0	37	0.2720	93,741	
357	BATASHOE	800	800	792.1	800	795.5	4.5	106	0.2650	332	
358	FASFIN	3.6	3.6	3.4	3.5	3.5	0.1	37	0.2590	74,100	
359	AFCAGRO	8.9	9.3	8.7	8.8	8.5	0.4	53	0.2390	27,083	
360	NTC	179.9	180	175	176.7	177.9	2	26	0.2250	1,277	
361	ACFL	16.4	16.9	16.3	16.3	16.4	0	51	0.2190	13,292	
362	JUTESPINN	206.2	213.4	206.2	208.8	215.2	-9	61	0.2180	1,045	
363	ARAMITCEM	12.9	13.4	12.9	12.9	13	-0.1	32	0.2050	15,867	
364	ATLASBANG	49.1	51.5	48.9	49.3	48.9	0.2	39	0.2040	4,137	
365	VAMLRBBF	5.9	5.9	5.8	5.9	5.9	0	27	0.1980	33,590	
366	ZEALBANGLA	89.2	90	88.5	89.2	89.3	-0.1	30	0.1890	2,118	
367	PRIMEFIN	4.5	4.5	4.4	4.4	4.4	0.1	29	0.1870	42,257	
368	ICBAMCL2ND	6.3	6.4	6.3	6.3	6.3	0	33	0.1830	29,028	
369	PLFSL	2.3	2.3	2.2	2.2	2.2	0.1	36	0.1570	70,362	
370	CAPMIBBLMF	8	8.2	8	8.1	8.1	-0.1	29	0.1530	18,903	
371	PRIMETEX	13.3	13.4	12.9	13.3	13.3	0	35	0.1510	11,527	
372	NORTHRNINS	27.7	28.5	27.7	28.3	28.6	-0.9	18	0.1300	4,590	
373	PREMIERLEA	3.2	3.4	3.2	3.3	3.3	-0.1	13	0.1260	38,067	
374	ILFSL	3.4	3.5	3.4	3.4	3.5	-0.1	17	0.1100	32,002	
375	MEGCONMILK	22.8	25	22.5	22.8	23.4	-0.6	30	0.1050	4,604	
376	BDWELDING	10.7	10.8	10.6	10.7	10.7	0	19	0.1030	9,620	
377	RENWICKJA	670	718	670	676.9	678.5	-8.5	13	0.1020	150	
378	SHURWID	7.5	7.6	7.1	7.5	7.6	-0.1	25	0.0990	13,260	
379	ZAHINTEX	4.5	4.6	4.5	4.5	4.5	0	27	0.0980	21,763	
380	STANCERAM	64.9	67	63.1	65	64.2	0.7	24	0.0900	1,391	
381	MEGHNAPET	24.7	24.9	24.5	24.7	24.5	0.2	16	0.0790	3,196	
382	NORTHERN	105.4	105.5	104.1	104.8	108.9	-3.5	12	0.0720	684	
383	UTTARAFIN	13.5	14	13.5	13.6	13.6	-0.1	28	0.0610	4,521	
384	REGENTTEX	3.7	3.9	3.6	3.7	3.7	0	15	0.0580	15,712	
385	FIRSTFIN	3.4	3.5	3.4	3.5	3.6	-0.2	13	0.0560	16,162	
386	DULAMIACOT	75	78	75	75	75.6	-0.6	5	0.0360	486	
387	UNILEVERCL	2	2,368.9	2,368	2,368.2	2	22	7	0.0310	13	
388	HWAWELLTEX	39.8	40	39.8	39.9	40.3	-0.5	9	0.0300	764	
389	ICBEPMF1S1	5.1	5.1	4.9	5	4.9	0.2	3	0.0300	6,000	
390	MEGHNACEM	42.7	44.1	42.6	42.9	42.9	-0.2	11	0.0260	603	
391	ICBAGRANI1	6.8	6.8	6.6	6.8	6.5	0.3	6	0.0060	870	
392	MERCINS	24.7	24.9	24.3	24.5	24.5	0.2	3	0.0010	42	
393	ATCSLGF	0	0	0	7.5	7.5	--	0	0.0000	0	
394	PARAMOUNT	0	0	0	38.1	38.1	--	0	0.0000	0	
395	BEXIMCO	0	0	0	110.1	110.1	--	0	0.0000	0	
396	SAVAREFR	0	0	0	215.5	215.5	--	0	0.0000	0	
397	BDSERVICE	0	0	0	5.2	5.2	--	0	0.0000	0	
